MATRIX-1
l, i, A, r, B, Ci, S1, S2, S3, C-NPV
5 | 1 | 1.23 | 0.16 | 41.37 | 5.84 | 29.58 | 22.43 | 0.05 | 7.10
5 | 2 | 1.23 | 0.17 | 44.89 | 5.72 | 57.39 | 40.20 | 0.10 | 17.09
4 | 3 | 1.23 | 0.18 | 43.97 | 4.81 | 80.59 | 56.02 | 0.13 | 24.44
3 | 4 | 1.23 | 0.20 | 40.23 | 5.60 | 96.76 | 66.40 | 0.16 | 30.20
4 | 5 | 1.23 | 0.17 | 41.10 | 5.32 | 112.19 | 77.28 | 0.21 | 34.70
5 | 6 | 1.23 | 0.19 | 45.02 | 5.01 | 126.14 | 86.27 | 0.23 | 39.63
4 | 7 | 1.23 | 0.19 | 38.85 | 6.11 | 135.28 | 93.85 | 0.25 | 41.17
3 | 8 | 1.23 | 0.17 | 41.58 | 5.29 | 145.11 | 99.73 | 0.26 | 45.12
4 | 9 | 1.23 | 0.18 | 45.49 | 5.17 | 153.85 | 105.07 | 0.28 | 48.51
5 | 10 | 1.23 | 0.15 | 43.39 | 5.48 | 162.82 | 111.55 | 0.29 | 50.98
4 | 11 | 1.23 | 0.17 | 39.98 | 4.85 | 168.70 | 115.82 | 0.31 | 52.57
4 | 12 | 1.23 | 0.19 | 44.57 | 5.33 | 173.46 | 118.82 | 0.31 | 54.33
4 | 13 | 1.23 | 0.18 | 37.55 | 5.15 | 176.93 | 121.54 | 0.32 | 55.07
3 | 14 | 1.23 | 0.18 | 36.88 | 5.83 | 179.99 | 123.75 | 0.32 | 55.92
4 | 15 | 1.23 | 0.20 | 42.76 | 5.59 | 182.41 | 125.32 | 0.33 | 56.76
4 | 16 | 1.23 | 0.20 | 36.49 | 5.78 | 184.01 | 126.67 | 0.33 | 57.01
5 | 17 | 1.23 | 0.16 | 40.42 | 5.89 | 186.81 | 128.79 | 0.34 | 57.68
3 | 18 | 1.23 | 0.17 | 36.66 | 6.07 | 188.61 | 130.15 | 0.34 | 58.12
5 | 19 | 1.23 | 0.15 | 45.23 | 6.14 | 191.07 | 131.75 | 0.34 | 58.99
5 | 20 | 1.23 | 0.19 | 43.97 | 5.49 | 192.30 | 132.53 | 0.34 | 59.43
3 | 21 | 1.23 | 0.20 | 43.39 | 4.92 | 193.18 | 133.05 | 0.34 | 59.78
4 | 22 | 1.23 | 0.17 | 41.10 | 5.03 | 194.24 | 133.81 | 0.34 | 60.08
4 | 23 | 1.23 | 0.20 | 37.67 | 5.08 | 194.73 | 134.18 | 0.34 | 60.20
3 | 24 | 1.23 | 0.17 | 38.41 | 5.28 | 195.45 | 134.68 | 0.34 | 60.42
5 | 25 | 1.23 | 0.19 | 39.93 | 5.96 | 195.84 | 134.98 | 0.35 | 60.51
4 | 26 | 1.23 | 0.19 | 45.44 | 4.97 | 196.23 | 135.23 | 0.35 | 60.66
3 | 27 | 1.23 | 0.18 | 38.47 | 5.43 | 196.61 | 135.49 | 0.35 | 60.78
3 | 28 | 1.23 | 0.19 | 40.07 | 5.79 | 196.89 | 135.66 | 0.35 | 60.88

A = 0.88
C-NPV = 60.88
min C-NPV = 46.31
avg C-NPV = 62.78
max C-NPV = 79.24
R = 0.44
R-NPV = 0.32
RL = 3.96%

MATRIX-2
alpha, r, b, AC, ci1, ci2, ci3, npvArr
1.00  [0.18, 0.18]  [41.40, 41.40]  [7.34, 7.34]  [8.05, 8.05]  [4.95, 4.95]  [4.25, 4.25]  [14.30, 14.30]
0.90  [0.17, 0.18]  [40.91, 41.89]  [7.17, 7.52]  [7.95, 8.15]  [4.89, 5.01]  [4.20, 4.30]  [14.23, 14.37]
0.80  [0.17, 0.18]  [40.42, 42.38]  [7.00, 7.69]  [7.86, 8.24]  [4.83, 5.07]  [4.15, 4.35]  [14.16, 14.44]
0.70  [0.17, 0.18]  [39.93, 42.87]  [6.83, 7.87]  [7.76, 8.34]  [4.77, 5.13]  [4.10, 4.40]  [14.09, 14.50]
0.60  [0.17, 0.18]  [39.44, 43.36]  [6.67, 8.05]  [7.67, 8.43]  [4.71, 5.19]  [4.05, 4.45]  [14.01, 14.57]
0.50  [0.16, 0.19]  [38.95, 43.85]  [6.51, 8.23]  [7.57, 8.53]  [4.65, 5.25]  [4.00, 4.50]  [13.93, 14.63]
0.40  [0.16, 0.19]  [38.45, 44.35]  [6.34, 8.41]  [7.48, 8.62]  [4.60, 5.30]  [3.95, 4.55]  [13.85, 14.68]
0.30  [0.16, 0.19]  [37.96, 44.84]  [6.18, 8.60]  [7.38, 8.72]  [4.54, 5.36]  [3.90, 4.60]  [13.77, 14.74]
0.20  [0.16, 0.19]  [37.47, 45.33]  [6.03, 8.79]  [7.29, 8.81]  [4.48, 5.42]  [3.85, 4.65]  [13.69, 14.80]
0.10  [0.15, 0.20]  [36.98, 45.82]  [5.87, 8.98]  [7.19, 8.91]  [4.42, 5.48]  [3.80, 4.70]  [13.60, 14.85]
0.00  [0.15, 0.20]  [36.49, 46.31]  [5.72, 9.17]  [7.10, 9.00]  [4.36, 5.54]  [3.75, 4.75]  [13.51, 14.90]

NPV MIN = 13.51
NPV MAX = 14.90
